[ 3013.399624] [Project1] 2632 1588168786.504657292 1588168787.237483107
[ 3014.853481] [Project1] 2633 1588168787.973230179 1588168788.691296082
[ 3016.281408] [Project1] 2634 1588168789.409300872 1588168790.119179793
[ 3017.723527] [Project1] 2635 1588168790.831695304 1588168791.561252340
[ 3019.193382] [Project1] 2636 1588168792.310221996 1588168793.31067423
[ 3020.632095] [Project1] 2638 1588168793.753907347 1588168794.469738708
[ 3022.077919] [Project1] 2639 1588168795.189529146 1588168795.915524078
[ 3023.523929] [Project1] 2640 1588168796.625643807 1588168797.361493913
[ 3024.955102] [Project1] 2641 1588168798.79578626 1588168798.792626632
[ 3026.384902] [Project1] 2642 1588168799.509259237 1588168800.222391352
